Compile:
gcc -o Practical4 practical4.c -lm

output:

tan(0) = 0.000000
tan(5) = 0.087489
tan(10) = 0.176327
tan(15) = 0.267949
tan(20) = 0.363970
tan(25) = 0.466308
tan(30) = 0.577350
tan(35) = 0.700208
tan(40) = 0.839100
tan(45) = 1.000000
tan(50) = 1.191754
tan(55) = 1.428148
tan(60) = 1.732051
area under the curve = 6.928032